"(0, 0)","(0, 1)","(0, 2)","(0, 3)","(0, 4)","(0, 5)","(0, 6)","(0, 7)","(0, 8)","(0, 9)","(0, 10)","(0, 11)","(0, 12)","(1, 0)","(1, 1)","(1, 2)","(1, 3)","(1, 4)","(1, 5)","(1, 6)","(1, 7)","(1, 8)","(1, 9)","(1, 10)","(1, 11)","(1, 12)","(2, 0)","(2, 1)","(2, 2)","(2, 3)","(2, 4)","(2, 5)","(2, 6)","(2, 7)","(2, 8)","(2, 9)","(2, 10)","(2, 11)","(2, 12)","(3, 0)","(3, 1)","(3, 2)","(3, 3)","(3, 4)","(3, 5)","(3, 6)","(3, 7)","(3, 8)","(3, 9)","(3, 10)","(3, 11)","(3, 12)","(4, 0)","(4, 1)","(4, 2)","(4, 3)","(4, 4)","(4, 5)","(4, 6)","(4, 7)","(4, 8)","(4, 9)","(4, 10)","(4, 11)","(4, 12)","(5, 0)","(5, 1)","(5, 2)","(5, 3)","(5, 4)","(5, 5)","(5, 6)","(5, 7)","(5, 8)","(5, 9)","(5, 10)","(5, 11)","(5, 12)","(6, 0)","(6, 1)","(6, 2)","(6, 3)","(6, 4)","(6, 5)","(6, 6)","(6, 7)","(6, 8)","(6, 9)","(6, 10)","(6, 11)","(6, 12)","(7, 0)","(7, 1)","(7, 2)","(7, 3)","(7, 4)","(7, 5)","(7, 6)","(7, 7)","(7, 8)","(7, 9)","(7, 10)","(7, 11)","(7, 12)","(8, 0)","(8, 1)","(8, 2)","(8, 3)","(8, 4)","(8, 5)","(8, 6)","(8, 7)","(8, 8)","(8, 9)","(8, 10)","(8, 11)","(8, 12)","(9, 0)","(9, 1)","(9, 2)","(9, 3)","(9, 4)","(9, 5)","(9, 6)","(9, 7)","(9, 8)","(9, 9)","(9, 10)","(9, 11)","(9, 12)","(10, 0)","(10, 1)","(10, 2)","(10, 3)","(10, 4)","(10, 5)","(10, 6)","(10, 7)","(10, 8)","(10, 9)","(10, 10)","(10, 11)","(10, 12)","(11, 0)","(11, 1)","(11, 2)","(11, 3)","(11, 4)","(11, 5)","(11, 6)","(11, 7)","(11, 8)","(11, 9)","(11, 10)","(11, 11)","(11, 12)","(12, 0)","(12, 1)","(12, 2)","(12, 3)","(12, 4)","(12, 5)","(12, 6)","(12, 7)","(12, 8)","(12, 9)","(12, 10)","(12, 11)","(12, 12)"
0.0,1280.6248474865697,1236.9316876852981,728.0109889280517,565.685424949238,1389.2443989449805,1746.424919657298,894.427190999916,632.455532033676,1220.6555615733703,1800.0,632.4555320336758,1999.9999999999998,1280.6248474865697,0.0,1360.147050873544,670.8203932499371,1341.6407864998741,223.60679774997897,1389.2443989449805,1216.552506059644,1886.796226411321,1711.7242768623692,1414.213562373095,1216.552506059644,824.6211251235319,1236.9316876852981,1360.147050873544,0.0,1414.2135623730949,1746.424919657298,1581.1388300841895,2561.2496949731394,1941.64878389476,1431.7821063276353,447.2135954999582,670.820393249937,608.276253029822,1552.417469626002,728.0109889280517,670.8203932499371,1414.2135623730949,0.0,670.820393249937,707.1067811865476,1166.19037896906,608.2762530298219,1360.1470508735442,1612.45154965971,1746.424919657298,984.8857801796106,1486.6068747318507,565.685424949238,1341.6407864998741,1746.424919657298,670.820393249937,0.0,1360.1470508735445,1300.0,400.0000000000001,1019.8039027185571,1780.4493814764855,2236.06797749979,1166.19037896906,2154.065922853802,1389.2443989449805,223.60679774997897,1581.1388300841895,707.1067811865476,1360.1470508735445,0.0,1208.3045973594574,1170.4699910719626,2012.461179749811,1923.5384061671346,1627.8820596099708,1403.5668847618201,899.9999999999999,1746.424919657298,1389.2443989449805,2561.2496949731394,1166.19037896906,1300.0,1208.3045973594574,0.0,899.9999999999999,2308.6792761230395,2778.488797889961,2780.287754891569,2147.091055358389,2061.5528128088304,894.427190999916,1216.552506059644,1941.64878389476,608.2762530298219,400.0000000000001,1170.4699910719626,899.9999999999999,0.0,1414.213562373095,2051.8284528683193,2340.939982143925,1414.213562373095,2039.6078054371142,632.455532033676,1886.796226411321,1431.7821063276353,1360.1470508735442,1019.8039027185571,2012.461179749811,2308.6792761230395,1414.213562373095,0.0,1204.1594578792296,2088.06130178211,894.4271909999158,2545.5844122715707,1220.6555615733703,1711.7242768623692,447.2135954999582,1612.45154965971,1780.4493814764855,1923.5384061671346,2778.488797889961,2051.8284528683193,1204.1594578792296,0.0,1063.014581273465,640.312423743285,1992.4858845171277,1800.0,1414.213562373095,670.820393249937,1746.424919657298,2236.06797749979,1627.8820596099708,2780.287754891569,2340.939982143925,2088.06130178211,1063.014581273465,0.0,1216.552506059644,1216.5525060596437,632.4555320336758,1216.552506059644,608.276253029822,984.8857801796106,1166.19037896906,1403.5668847618201,2147.091055358389,1414.213562373095,894.4271909999158,640.312423743285,1216.552506059644,0.0,1720.4650534085256,1999.9999999999998,824.6211251235319,1552.417469626002,1486.6068747318507,2154.065922853802,899.9999999999999,2061.5528128088304,2039.6078054371142,2545.5844122715707,1992.4858845171277,1216.5525060596437,1720.4650534085256,0.0
